1
1
2
3
4
5
6
7
8
9
81
11
12
13
14
15
16
17
18
72
71
21
22
23
24
25
26
27
63
62
61
31
32
33
34
35
36
54
53
52
51
41
42
43
44
45
45
44
43
42
41
51
52
53
54
36
35
34
33
32
31
61
62
63
27
26
25
24
23
22
21
71
72
18
17
16
15
14
13
12
11
81
9
8
7
6
5
4
3
2
1
92
92
93
94
95
96
97
98
99
100
172
102
103
104
105
106
107
108
109
163
162
112
113
114
115
116
117
118
154
153
152
122
123
124
125
126
127
145
144
143
142
132
133
134
135
136
136
135
134
133
132
142
143
144
145
127
126
125
124
123
122
152
153
154
118
117
116
115
114
113
112
162
163
109
108
107
106
105
104
103
102
172
100
99
98
97
96
95
94
93
92
183
183
184
185
186
187
188
189
190
191
263
193
194
195
196
197
198
199
200
254
253
203
204
205
206
207
208
209
245
244
243
213
214
215
216
217
218
236
235
234
233
223
224
225
226
227
227
226
225
224
223
233
234
235
236
218
217
216
215
214
213
243
244
245
209
208
207
206
205
204
203
253
254
200
199
198
197
196
195
194
193
263
191
190
189
188
187
186
185
184
183
274
274
275
276
277
278
279
280
281
282
354
284
285
286
287
288
289
290
291
345
344
294
295
296
297
298
299
300
336
335
334
304
305
306
307
308
309
327
326
325
324
314
315
316
317
318
318
317
316
315
314
324
325
326
327
309
308
307
306
305
304
334
335
336
300
299
298
297
296
295
294
344
345
291
290
289
288
287
286
285
284
354
282
281
280
279
278
277
276
275
274
365
365
366
367
368
369
370
371
372
373
445
375
376
377
378
379
380
381
382
436
435
385
386
387
388
389
390
391
427
426
425
395
396
397
398
399
400
418
417
416
415
405
406
407
408
409
409
408
407
406
405
415
416
417
418
400
399
398
397
396
395
425
426
427
391
390
389
388
387
386
385
435
436
382
381
380
379
378
377
376
375
445
373
372
371
370
369
368
367
366
365
456
456
457
458
459
460
461
462
463
464
536
466
467
468
469
470
471
472
473
527
526
476
477
478
479
480
481
482
518
517
516
486
487
488
489
490
491
509
508
507
506
496
497
498
499
500
500
499
498
497
496
506
507
508
509
491
490
489
488
487
486
516
517
518
482
481
480
479
478
477
476
526
527
473
472
471
470
469
468
467
466
536
464
463
462
461
460
459
458
457
456
547
547
548
549
550
551
552
553
554
555
627
557
558
559
560
561
562
563
564
618
617
567
568
569
570
571
572
573
609
608
607
577
578
579
580
581
582
600
599
598
597
587
588
589
590
591
591
590
589
588
587
597
598
599
600
582
581
580
579
578
577
607
608
609
573
572
571
570
569
568
567
617
618
564
563
562
561
560
559
558
557
627
555
554
553
552
551
550
549
548
547
638
638
639
640
641
642
643
644
645
646
718
648
649
650
651
652
653
654
655
709
708
658
659
660
661
662
663
664
700
699
698
668
669
670
671
672
673
691
690
689
688
678
679
680
681
682
682
681
680
679
678
688
689
690
691
673
672
671
670
669
668
698
699
700
664
663
662
661
660
659
658
708
709
655
654
653
652
651
650
649
648
718
646
645
644
643
642
641
640
639
638
729
729
730
731
732
733
734
735
736
737
809
739
740
741
742
743
744
745
746
800
799
749
750
751
752
753
754
755
791
790
789
759
760
761
762
763
764
782
781
780
779
769
770
771
772
773
773
772
771
770
769
779
780
781
782
764
763
762
761
760
759
789
790
791
755
754
753
752
751
750
749
799
800
746
745
744
743
742
741
740
739
809
737
736
735
734
733
732
731
730
729
820
820
821
822
823
824
825
826
827
828
900
830
831
832
833
834
835
836
837
891
890
840
841
842
843
844
845
846
882
881
880
850
851
852
853
854
855
873
872
871
870
860
861
862
863
864
864
863
862
861
860
870
871
872
873
855
854
853
852
851
850
880
881
882
846
845
844
843
842
841
840
890
891
837
836
835
834
833
832
831
830
900
828
827
826
825
824
823
822
821
820
911
911
912
913
914
915
916
917
918
919
991
921
922
923
924
925
926
927
928
982
981
931
932
933
934
935
936
937
973
972
971
941
942
943
944
945
946
964
963
962
961
951
952
953
954
955
955
954
953
952
951
961
962
963
964
946
945
944
943
942
941
971
972
973
937
936
935
934
933
932
931
981
982
928
927
926
925
924
923
922
921
991
919
918
917
916
915
914
913
912
911